2E 
7F 
73 
6F 
63 
69 
61 
6C 
20 
7B 
20 
64 
69 
73 
70 
6C 
61 
79 
3A 
20 
66 
6C 
65 
78 
3B 
20 
66 
6C 
65 
78 
2D 
64 
69 
72 
65 
63 
74 
69 
6F 
6E 
3A 
20 
63 
6F 
6C 
75 
6D 
6E 
3B 
20 
67 
61 
70 
3A 
20 
31 
36 
70 
78 
3B 
20 
7D 
0A 
2E 
73 
6F 
63 
69 
61 
6C 
2D 
68 
65 
61 
64 
65 
72 
20 
7B 
20 
70 
6F 
73 
69 
74 
69 
6F 
6E 
3A 
20 
73 
74 
69 
63 
6B 
79 
3B 
20 
74 
6F 
70 
3A 
20 
30 
3B 
20 
62 
61 
63 
6B 
67 
72 
6F 
75 
6E 
64 
3A 
20 
23 
66 
61 
66 
61 
66 
61 
3B 
20 
70 
61 
64 
64 
69 
6E 
67 
3A 
20 
38 
70 
78 
20 
30 
3B 
20 
7A 
2D 
69 
6E 
64 
65 
78 
3A 
20 
31 
30 
3B 
20 
7D 
0A 
2E 
74 
61 
62 
73 
20 
7B 
20 
64 
69 
73 
70 
6C 
61 
79 
3A 
20 
66 
6C 
65 
78 
3B 
20 
67 
61 
70 
3A 
20 
38 
70 
78 
3B 
20 
7D 
0A 
2E 
74 
61 
62 
73 
20 
62 
75 
74 
74 
6F 
6E 
20 
7B 
20 
62 
61 
63 
6B 
67 
72 
6F 
75 
6E 
64 
3A 
20 
23 
66 
31 
66 
33 
66 
35 
3B 
20 
62 
6F 
72 
64 
65 
72 
3A 
20 
6E 
6F 
6E 
65 
3B 
20 
70 
61 
64 
64 
69 
6E 
67 
3A 
20 
38 
70 
78 
20 
31 
32 
70 
78 
3B 
20 
62 
6F 
72 
64 
65 
72 
2D 
72 
61 
64 
69 
75 
73 
3A 
20 
39 
39 
39 
70 
78 
3B 
20 
63 
75 
72 
73 
6F 
72 
3A 
20 
70 
6F 
69 
6E 
74 
65 
72 
3B 
20 
7D 
0A 
2E 
74 
61 
62 
73 
20 
62 
75 
74 
74 
6F 
6E 
2E 
61 
63 
74 
69 
76 
65 
20 
7B 
20 
62 
61 
63 
6B 
67 
72 
6F 
75 
6E 
64 
3A 
20 
23 
32 
62 
37 
63 
66 
66 
3B 
20 
63 
6F 
6C 
6F 
72 
3A 
20 
23 
66 
66 
66 
3B 
20 
7D 
0A 
0A 
2E 
67 
72 
69 
64 
20 
7B 
20 
64 
69 
73 
70 
6C 
61 
79 
3A 
20 
67 
72 
69 
64 
3B 
20 
67 
72 
69 
64 
2D 
74 
65 
6D 
70 
6C 
61 
74 
65 
2D 
63 
6F 
6C 
75 
6D 
6E 
73 
3A 
20 
6D 
69 
6E 
6D 
61 
78 
28 
30 
2C 
31 
66 
72 
29 
20 
33 
32 
30 
70 
78 
3B 
20 
67 
61 
70 
3A 
20 
31 
36 
70 
78 
3B 
20 
61 
6C 
69 
67 
6E 
2D 
69 
74 
65 
6D 
73 
3A 
20 
73 
74 
61 
72 
74 
3B 
20 
7D 
0A 
2E 
6D 
61 
69 
6E 
20 
7B 
20 
64 
69 
73 
70 
6C 
61 
79 
3A 
20 
66 
6C 
65 
78 
3B 
20 
66 
6C 
65 
78 
2D 
64 
69 
72 
65 
63 
74 
69 
6F 
6E 
3A 
20 
63 
6F 
6C 
75 
6D 
6E 
3B 
20 
67 
61 
70 
3A 
20 
31 
32 
70 
78 
3B 
20 
7D 
0A 
2E 
66 
65 
65 
64 
20 
7B 
20 
64 
69 
73 
70 
6C 
61 
79 
3A 
20 
66 
6C 
65 
78 
3B 
20 
66 
6C 
65 
78 
2D 
64 
69 
72 
65 
63 
74 
69 
6F 
6E 
3A 
20 
63 
6F 
6C 
75 
6D 
6E 
3B 
20 
67 
61 
70 
3A 
20 
31 
30 
70 
78 
3B 
20 
7D 
0A 
0A 
2E 
63 
6F 
6D 
70 
6F 
73 
65 
72 
20 
7B 
20 
62 
61 
63 
6B 
67 
72 
6F 
75 
6E 
64 
3A 
20 
23 
66 
66 
66 
3B 
20 
62 
6F 
72 
64 
65 
72 
3A 
20 
31 
70 
78 
20 
73 
6F 
6C 
69 
64 
20 
72 
67 
62 
61 
28 
30 
2C 
30 
2C 
30 
2C 
30 
2E 
30 
38 
29 
3B 
20 
62 
6F 
72 
64 
65 
72 
2D 
72 
61 
64 
69 
75 
73 
3A 
20 
31 
32 
70 
78 
3B 
20 
70 
61 
64 
64 
69 
6E 
67 
3A 
20 
31 
30 
70 
78 
3B 
20 
64 
69 
73 
70 
6C 
61 
79 
3A 
20 
66 
6C 
65 
78 
3B 
20 
66 
6C 
65 
78 
2D 
64 
69 
72 
65 
63 
74 
69 
6F 
6E 
3A 
20 
63 
6F 
6C 
75 
6D 
6E 
3B 
20 
67 
61 
70 
3A 
20 
38 
70 
78 
3B 
20 
7D 
0A 
2E 
63 
6F 
6D 
70 
6F 
73 
65 
72 
20 
74 
65 
78 
74 
61 
72 
65 
61 
20 
7B 
20 
77 
69 
64 
74 
68 
3A 
20 
31 
30 
30 
25 
3B 
20 
62 
6F 
72 
64 
65 
72 
3A 
20 
31 
70 
78 
20 
73 
6F 
6C 
69 
64 
20 
72 
67 
62 
61 
28 
30 
2C 
30 
2C 
30 
2C 
30 
2E 
31 
32 
29 
3B 
20 
62 
6F 
72 
64 
65 
72 
2D 
72 
61 
64 
69 
75 
73 
3A 
20 
38 
70 
78 
3B 
20 
70 
61 
64 
64 
69 
6E 
67 
3A 
20 
38 
70 
78 
3B 
20 
72 
65 
73 
69 
7A 
65 
3A 
20 
76 
65 
72 
74 
69 
63 
61 
6C 
3B 
20 
7D 
0A 
2E 
63 
6F 
6D 
70 
6F 
73 
65 
72 
2D 
61 
63 
74 
69 
6F 
6E 
73 
20 
7B 
20 
64 
69 
73 
70 
6C 
61 
79 
3A 
20 
66 
6C 
65 
78 
3B 
20 
6A 
75 
73 
74 
69 
66 
79 
2D 
63 
6F 
6E 
74 
65 
6E 
74 
3A 
20 
66 
6C 
65 
78 
2D 
65 
6E 
64 
3B 
20 
7D 
0A 
2E 
63 
6F 
6D 
70 
6F 
73 
65 
72 
2D 
61 
63 
74 
69 
6F 
6E 
73 
20 
62 
75 
74 
74 
6F 
6E 
20 
7B 
20 
62 
61 
63 
6B 
67 
72 
6F 
75 
6E 
64 
3A 
20 
23 
32 
62 
37 
63 
66 
66 
3B 
20 
63 
6F 
6C 
6F 
72 
3A 
20 
23 
66 
66 
66 
3B 
20 
62 
6F 
72 
64 
65 
72 
3A 
20 
6E 
6F 
6E 
65 
3B 
20 
62 
6F 
72 
64 
65 
72 
2D 
72 
61 
64 
69 
75 
73 
3A 
20 
38 
70 
78 
3B 
20 
70 
61 
64 
64 
69 
6E 
67 
3A 
20 
38 
70 
78 
20 
31 
32 
70 
78 
3B 
20 
63 
75 
72 
73 
6F 
72 
3A 
20 
70 
6F 
69 
6E 
74 
65 
72 
3B 
20 
7D 
0A 
0A 
2E 
61 
73 
69 
64 
65 
20 
7B 
20 
64 
69 
73 
70 
6C 
61 
79 
3A 
20 
66 
6C 
65 
78 
3B 
20 
66 
6C 
65 
78 
2D 
64 
69 
72 
65 
63 
74 
69 
6F 
6E 
3A 
20 
63 
6F 
6C 
75 
6D 
6E 
3B 
20 
67 
61 
70 
3A 
20 
31 
32 
70 
78 
3B 
20 
7D 
0A 
2E 
63 
61 
72 
64 
20 
7B 
20 
62 
61 
63 
6B 
67 
72 
6F 
75 
6E 
64 
3A 
20 
23 
66 
66 
66 
3B 
20 
62 
6F 
72 
64 
65 
72 
3A 
20 
31 
70 
78 
20 
73 
6F 
6C 
69 
64 
20 
72 
67 
62 
61 
28 
30 
2C 
30 
2C 
30 
2C 
30 
2E 
30 
38 
29 
3B 
20 
62 
6F 
72 
64 
65 
72 
2D 
72 
61 
64 
69 
75 
73 
3A 
20 
31 
32 
70 
78 
3B 
20 
70 
61 
64 
64 
69 
6E 
67 
3A 
20 
31 
32 
70 
78 
3B 
20 
64 
69 
73 
70 
6C 
61 
79 
3A 
20 
66 
6C 
65 
78 
3B 
20 
66 
6C 
65 
78 
2D 
64 
69 
72 
65 
63 
74 
69 
6F 
6E 
3A 
20 
63 
6F 
6C 
75 
6D 
6E 
3B 
20 
67 
61 
70 
3A 
20 
38 
70 
78 
3B 
20 
7D 
0A 
2E 
63 
61 
72 
64 
20 
68 
33 
20 
7B 
20 
6D 
61 
72 
67 
69 
6E 
3A 
20 
30 
3B 
20 
66 
6F 
6E 
74 
2D 
73 
69 
7A 
65 
3A 
20 
31 
36 
70 
78 
3B 
20 
7D 
0A 
2E 
63 
61 
72 
64 
20 
69 
6E 
70 
75 
74 
2C 
20 
2E 
63 
61 
72 
64 
20 
74 
65 
78 
74 
61 
72 
65 
61 
2C 
20 
2E 
63 
61 
72 
64 
20 
73 
65 
6C 
65 
63 
74 
20 
7B 
20 
77 
69 
64 
74 
68 
3A 
20 
31 
30 
30 
25 
3B 
20 
62 
6F 
72 
64 
65 
72 
3A 
20 
31 
70 
78 
20 
73 
6F 
6C 
69 
64 
20 
72 
67 
62 
61 
28 
30 
2C 
30 
2C 
30 
2C 
30 
2E 
31 
32 
29 
3B 
20 
62 
6F 
72 
64 
65 
72 
2D 
72 
61 
64 
69 
75 
73 
3A 
20 
38 
70 
78 
3B 
20 
70 
61 
64 
64 
69 
6E 
67 
3A 
20 
36 
70 
78 
20 
38 
70 
78 
3B 
20 
7D 
0A 
2E 
63 
61 
72 
64 
20 
62 
75 
74 
74 
6F 
6E 
20 
7B 
20 
61 
6C 
69 
67 
6E 
2D 
73 
65 
6C 
66 
3A 
20 
66 
6C 
65 
78 
2D 
65 
6E 
64 
3B 
20 
62 
61 
63 
6B 
67 
72 
6F 
75 
6E 
64 
3A 
20 
23 
32 
62 
37 
63 
66 
66 
3B 
20 
63 
6F 
6C 
6F 
72 
3A 
20 
23 
66 
66 
66 
3B 
20 
62 
6F 
72 
64 
65 
72 
3A 
20 
6E 
6F 
6E 
65 
3B 
20 
62 
6F 
72 
64 
65 
72 
2D 
72 
61 
64 
69 
75 
73 
3A 
20 
38 
70 
78 
3B 
20 
70 
61 
64 
64 
69 
6E 
67 
3A 
20 
36 
70 
78 
20 
31 
30 
70 
78 
3B 
20 
63 
75 
72 
73 
6F 
72 
3A 
20 
70 
6F 
69 
6E 
74 
65 
72 
3B 
20 
7D 
0A 
2E 
63 
61 
72 
64 
2E 
76 
69 
70 
20 
7B 
20 
62 
61 
63 
6B 
67 
72 
6F 
75 
6E 
64 
3A 
20 
23 
66 
66 
66 
61 
66 
30 
3B 
20 
62 
6F 
72 
64 
65 
72 
2D 
63 
6F 
6C 
6F 
72 
3A 
20 
23 
66 
66 
65 
30 
61 
33 
3B 
20 
7D 
0A 
0A 
2E 
73 
74 
61 
74 
75 
73 
20 
7B 
20 
6F 
70 
61 
63 
69 
74 
79 
3A 
20 
2E 
37 
3B 
20 
7D 
0A 
2E 
65 
72 
72 
6F 
72 
20 
7B 
20 
63 
6F 
6C 
6F 
72 
3A 
20 
23 
62 
30 
30 
30 
32 
30 
3B 
20 
7D 
0A 
0A 
40 
6D 
65 
64 
69 
61 
20 
28 
6D 
61 
78 
2D 
77 
69 
64 
74 
68 
3A 
20 
39 
38 
30 
70 
78 
29 
20 
7B 
0A 
20 
20 
2E 
67 
72 
69 
64 
20 
7B 
20 
67 
72 
69 
64 
2D 
74 
65 
6D 
70 
6C 
61 
74 
65 
2D 
63 
6F 
6C 
75 
6D 
6E 
73 
3A 
20 
31 
66 
72 
3B 
20 
7D 
0A 
7D 
0A 
